xsens {
  segments {
    x: 0.114172734
    y: -0.154078782
    z: 0.773783386
    q0: 0.699095786
    q1: -0.0596286505
    q2: 0.0423542485
    q3: 0.711277485
    frame: 5802
    time: 12719092
  }
}
time: 12719092518630
node: "Node 8"

